S.NO,SPECIES,DIAMETER,HEIGHT,CROWN.DIAMETER,PLOT,WOOD.DENSITY,FOREST,COUNT,BA,AGB.kg,AGB.tons,AGB.kg.ha,AGB.tons.ha,AGC.kg,AGC.tons,AGC.kg.ha,AGC.tons.ha
1,Khaya senegalensis,15.08593253,18.1,14.35,P1,0.648,FOR,1,0.017874512399554,148.654964455059,0.148654964455059,59.4619857820235,0.0594619857820235,69.8678332938776,0.0698678332938776,23.7847943128094,0.0237847943128094
2,Daniella oliveri,10.34373011,16,16.8,P1,0.533,FOR,1,0.00840319113798616,52.1400903448539,0.0521400903448539,20.8560361379415,0.0208560361379415,24.5058424620813,0.0245058424620813,8.34241445517662,0.00834241445517662
3,Khaya senegalensis,15.21323997,26,17.5,P1,0.648,FOR,1,0.0181774648252027,215.190476277557,0.215190476277557,86.0761905110226,0.0860761905110227,101.139523850452,0.101139523850452,34.4304762044091,0.0344304762044091
4,Khaya senegalensis,15.2768937,17.1,18.2,P1,0.648,FOR,1,0.0183298957439815,144.129508094971,0.144129508094971,57.6518032379884,0.0576518032379884,67.7408688046364,0.0677408688046364,23.0607212951954,0.0230607212951954
5,Khaya senegalensis,16.13621897,17.5,22.6,P1,0.648,FOR,1,0.0204500059493477,164.03875988851,0.16403875988851,65.615503955404,0.065615503955404,77.0982171475997,0.0770982171475997,26.2462015821616,0.0262462015821616
6,Daniella oliveri,16.70910248,14.4,22.7,P1,0.533,FOR,1,0.0219278537838074,119.968466610019,0.119968466610019,47.9873866440076,0.0479873866440076,56.3851793067089,0.056385179306709,19.194954657603,0.019194954657603
7,Daniella oliveri,13.14449395,14,15.2,P1,0.533,FOR,1,0.0135699304907722,73.0650723998757,0.0730650723998757,29.2260289599503,0.0292260289599503,34.3405840279416,0.0343405840279416,11.6904115839801,0.0116904115839801
8,Khaya senegalensis,16.45448759,16,20.3,P1,0.648,FOR,1,0.0212646679856131,156.142255503972,0.156142255503972,62.4569022015889,0.0624569022015889,73.386860086867,0.073386860086867,24.9827608806356,0.0249827608806356
9,Khaya senegalensis,17.44112031,16.1,21.3,P1,0.648,FOR,1,0.0238912370359316,176.006015217652,0.176006015217652,70.4024060870607,0.0704024060870607,82.7228271522963,0.0827228271522963,28.1609624348243,0.0281609624348243
10,Daniella oliveri,17.88669637,16.1,25.2,P1,0.533,FOR,1,0.0251275502991951,152.792380912955,0.152792380912955,61.116952365182,0.061116952365182,71.8124190290889,0.0718124190290889,24.4467809460728,0.0244467809460728
11,Khaya senegalensis,16.86823679,15.7,24.9,P1,0.648,FOR,1,0.0223475161119579,160.897895371895,0.160897895371895,64.3591581487581,0.0643591581487581,75.6220108247907,0.0756220108247907,25.7436632595032,0.0257436632595032
12,Daniella oliveri,11.17122852,11.5,14.32,P1,0.533,FOR,1,0.00980148214545279,43.897009953442,0.043897009953442,17.5588039813768,0.0175588039813768,20.6315946781177,0.0206315946781177,7.02352159255072,0.00702352159255072
13,Daniella oliveri,11.04392107,11.4,17.3,P1,0.533,FOR,1,0.00957935944612525,42.5614705794426,0.0425614705794426,17.024588231777,0.017024588231777,20.003891172338,0.020003891172338,6.80983529271082,0.00680983529271082
14,Khaya senegalensis,10.08911521,16,11.85,P1,0.648,FOR,1,0.00799458720407761,60.0972483898421,0.0600972483898421,24.0388993559369,0.0240388993559369,28.2457067432258,0.0282457067432258,9.61555974237474,0.00961555974237474
15,Khaya senegalensis,12.41247613,11.3,16.3,P1,0.648,FOR,1,0.0121005952348006,64.139929610948,0.064139929610948,25.6559718443792,0.0256559718443792,30.1457669171456,0.0301457669171456,10.2623887377517,0.0102623887377517
16,Khaya senegalensis,8.593252705,10.3,10.05,P1,0.648,FOR,1,0.00579969357355686,28.583605162556,0.028583605162556,11.4334420650224,0.0114334420650224,13.4342944264013,0.0134342944264013,4.57337682600896,0.00457337682600896
17,Daniella oliveri,8.625079567,10.3,10.65,P1,0.533,FOR,1,0.00584273382370908,23.7924706685374,0.0237924706685374,9.51698826741496,0.00951698826741496,11.1824612142126,0.0111824612142126,3.80679530696598,0.00380679530696598
18,Khaya senegalensis,9.293443666,44.7,16.05,P1,0.648,FOR,1,0.00678333433251009,139.538250562314,0.139538250562314,55.8153002249257,0.0558153002249257,65.5829777642877,0.0655829777642877,22.3261200899703,0.0223261200899703
19,Azdirachta indica,8.274984087,13,12.5,P1,0.57,FOR,1,0.00537804232701131,29.4062161890728,0.0294062161890728,11.7624864756291,0.0117624864756291,13.8209216088642,0.0138209216088642,4.70499459025165,0.00470499459025164
20,Vitex donina,9.548058561,18,19,P1,0.4,FOR,1,0.00716011552274306,37.8064418050349,0.0378064418050349,15.122576722014,0.015122576722014,17.7690276483664,0.0177690276483664,6.04903068880559,0.00604903068880559
21,Combretum nigricans,11.13940165,37,15,P1,0.796,FOR,1,0.00974571278697073,201.99725069822,0.20199725069822,80.7989002792879,0.0807989002792879,94.9387078281633,0.0949387078281633,32.3195601117152,0.0323195601117152
22,Albizia zygia,6.683640993,32,10.3,P1,0.804,FOR,1,0.00350845660645906,65.3125958628762,0.0653125958628762,26.1250383451505,0.0261250383451505,30.6969200555518,0.0306969200555518,10.4500153380602,0.0104500153380602
23,Eucalyptus calmadalutases,11.45767027,30,15.9,P1,0.73,FOR,1,0.0103105663469907,159.824935116451,0.159824935116451,63.9299740465805,0.0639299740465805,75.1177195047321,0.075117719504732,25.5719896186322,0.0255719896186322
24,Ficus sycomorus,13.04901337,36,16.1,P1,0.413,FOR,1,0.0133735046664653,141.169598372986,0.141169598372986,56.4678393491945,0.0564678393491945,66.3497112353036,0.0663497112353036,22.5871357396778,0.0225871357396778
25,Stereospermum kunthianum,12.09420751,32.3,16.85,P1,0.6,FOR,1,0.0114880075709057,157.63892412587,0.15763892412587,63.0555696503478,0.0630555696503479,74.0902943391587,0.0740902943391587,25.2222278601391,0.0252222278601391
26,Senna siamea,10.82113304,19.4,18.55,P1,0.57,FOR,1,0.00919677061190682,73.3742699849344,0.0733742699849344,29.3497079939738,0.0293497079939738,34.4859068929192,0.0344859068929192,11.7398831975895,0.0117398831975895
27,Khaya senegalensis,9.86632718,18.5,13.7,P1,0.648,FOR,1,0.00764541224197169,66.2923536453757,0.0662923536453757,26.5169414581503,0.0265169414581503,31.1574062133266,0.0311574062133266,10.6067765832601,0.0106067765832601
28,Khaya senegalensis,8.274984087,16.1,13.1,P1,0.648,FOR,1,0.00537804232701131,41.0634879265378,0.0410634879265378,16.4253951706151,0.0164253951706151,19.2998393254727,0.0192998393254727,6.57015806824604,0.00657015806824604
29,Khaya senegalensis,10.82113304,14.5,14.9,P1,0.648,FOR,1,0.00919677061190682,62.5904136519136,0.0625904136519136,25.0361654607654,0.0250361654607654,29.4174944163994,0.0294174944163994,10.0144661843062,0.0100144661843062
30,Daniella oliveri,7.32017823,13.7,14,P1,0.533,FOR,1,0.0042085567904751,22.8184617877092,0.0228184617877092,9.12738471508369,0.00912738471508369,10.7246770402233,0.0107246770402233,3.65095388603348,0.00365095388603348
31,Daniella oliveri,10.50286442,19.6,12.25,P1,0.533,FOR,1,0.00866373978730348,65.4840440512442,0.0654840440512442,26.1936176204977,0.0261936176204977,30.7775007040848,0.0307775007040848,10.4774470481991,0.0104774470481991
32,Khaya senegalensis,8.274984087,16,13.4,P1,0.648,FOR,1,0.00537804232701131,40.814537878421,0.040814537878421,16.3258151513684,0.0163258151513684,19.1828328028579,0.0191828328028579,6.53032606054736,0.00653032606054736
33,Khaya senegalensis,9.86632718,20,12.85,P1,0.648,FOR,1,0.00764541224197169,71.5334394784672,0.0715334394784672,28.6133757913869,0.0286133757913869,33.6207165548796,0.0336207165548796,11.4453503165548,0.0114453503165548
34,Azdirachta indica,10.82113304,19.5,11.15,P1,0.57,FOR,1,0.00919677061190682,73.7433878488054,0.0737433878488054,29.4973551395221,0.0294973551395222,34.6593922889385,0.0346593922889385,11.7989420558089,0.0117989420558089
35,Vitex donina,9.548058561,16,15.35,P1,0.4,FOR,1,0.00716011552274306,33.700856869442,0.033700856869442,13.4803427477768,0.0134803427477768,15.8394027286378,0.0158394027286378,5.39213709911073,0.00539213709911073
36,Khaya senegalensis,9.229789943,14,10.55,P1,0.648,FOR,1,0.00669073017282254,44.339180293015,0.044339180293015,17.735672117206,0.017735672117206,20.839414737717,0.020839414737717,7.0942688468824,0.0070942688468824
37,Khaya senegalensis,14.00381922,18,15.2,P1,0.648,FOR,1,0.0154022040516525,127.859026805767,0.127859026805767,51.1436107223068,0.0511436107223068,60.0937425987105,0.0600937425987105,20.4574442889227,0.0204574442889227
38,Khaya senegalensis,9.86632718,17,13.65,P1,0.648,FOR,1,0.00764541224197169,61.0410476517507,0.0610410476517507,24.4164190607003,0.0244164190607003,28.6892923963228,0.0286892923963228,9.76656762428011,0.00976656762428011
39,Combretum nigricans,8.911521324,16,18.3,P1,0.796,FOR,1,0.00623725618926055,57.6545164239871,0.0576545164239871,23.0618065695949,0.0230618065695949,27.097622719274,0.027097622719274,9.22472262783795,0.00922472262783794
40,Khaya senegalensis,10.1845958,19,17.65,P1,0.648,FOR,1,0.00814662033065843,72.3905835463226,0.0723905835463226,28.956233418529,0.028956233418529,34.0235742667716,0.0340235742667716,11.5824933674116,0.0115824933674116
41,Daniella oliveri,8.593252705,20,11.6,P1,0.533,FOR,1,0.00579969357355686,45.1420938037391,0.0451420938037391,18.0568375214956,0.0180568375214956,21.2167840877574,0.0212167840877574,7.22273500859826,0.00722273500859826
42,Albizia zygia,9.86632718,16,12.75,P1,0.804,FOR,1,0.00764541224197169,71.0162331184348,0.0710162331184348,28.4064932473739,0.0284064932473739,33.3776295656644,0.0333776295656644,11.3625972989496,0.0113625972989496
43,Daniella oliveri,8.274984087,15,13,P1,0.533,FOR,1,0.00537804232701131,31.669951597439,0.031669951597439,12.6679806389756,0.0126679806389756,14.8848772507963,0.0148848772507963,5.06719225559025,0.00506719225559025
44,Azdirachta indica,9.548058561,19,15.34,P1,0.57,FOR,1,0.00716011552274306,56.3127403992059,0.0563127403992059,22.5250961596823,0.0225250961596823,26.4669879876268,0.0264669879876268,9.01003846387294,0.00901003846387294
45,Khaya senegalensis,9.229789943,14,12.5,P1,0.648,FOR,1,0.00669073017282254,44.339180293015,0.044339180293015,17.735672117206,0.017735672117206,20.839414737717,0.020839414737717,7.0942688468824,0.0070942688468824
46,Khaya senegalensis,9.86632718,19,12.4,P1,0.648,FOR,1,0.00764541224197169,68.0404764540155,0.0680404764540155,27.2161905816062,0.0272161905816062,31.9790239333873,0.0319790239333873,10.8864762326425,0.0108864762326425
47,Vitex donina,10.1845958,18,15.8,P1,0.4,FOR,1,0.00814662033065843,42.8822805491103,0.0428822805491103,17.1529122196441,0.0171529122196441,20.1546718580818,0.0201546718580818,6.86116488785765,0.00686116488785765
48,Daniella oliveri,8.911521324,15,12.86,P1,0.533,FOR,1,0.00623725618926055,36.5992260405731,0.0365992260405731,14.6396904162292,0.0146396904162292,17.2016362390693,0.0172016362390693,5.85587616649169,0.00585587616649169
49,Khaya senegalensis,7.32017823,18.9,13.2,P1,0.648,FOR,1,0.0042085567904751,37.7994309614729,0.0377994309614729,15.1197723845892,0.0151197723845892,17.7657325518923,0.0177657325518923,6.04790895383567,0.00604790895383567
50,Khaya senegalensis,8.274984087,16,12.5,P1,0.648,FOR,1,0.00537804232701131,40.814537878421,0.040814537878421,16.3258151513684,0.0163258151513684,19.1828328028579,0.0191828328028579,6.53032606054736,0.00653032606054736
51,Daniella oliveri,6.683640993,14,9.4,P1,0.533,FOR,1,0.00350845660645906,19.5140485717413,0.0195140485717413,7.8056194286965,0.0078056194286965,9.17160282871839,0.00917160282871839,3.1222477714786,0.0031222477714786
52,Azdirachta indica,10.50286442,18,14,P1,0.57,FOR,1,0.00866373978730348,64.3409745091331,0.0643409745091331,25.7363898036533,0.0257363898036533,30.2402580192926,0.0302402580192926,10.2945559214613,0.0102945559214613
53,Albizia zygia,12.09420751,21,15.75,P1,0.804,FOR,1,0.0114880075709057,137.791400802314,0.137791400802314,55.1165603209255,0.0551165603209255,64.7619583770875,0.0647619583770875,22.0466241283702,0.0220466241283702
54,Ficus sycomorus,9.229789943,15,16.2,P1,0.413,FOR,1,0.00669073017282254,30.5563735539154,0.0305563735539154,12.2225494215661,0.0122225494215661,14.3614955703402,0.0143614955703402,4.88901976862646,0.00488901976862646
55,Khaya senegalensis,8.274984087,18,13.7,P1,0.648,FOR,1,0.00537804232701131,45.7867423691255,0.0457867423691255,18.3146969476502,0.0183146969476502,21.519768913489,0.021519768913489,7.32587877906008,0.00732587877906008
56,Senna siamea,10.50286442,19,15.3,P1,0.57,FOR,1,0.00866373978730348,67.8274022244239,0.0678274022244239,27.1309608897696,0.0271309608897696,31.8788790454792,0.0318788790454792,10.8523843559078,0.0108523843559078
57,Khaya senegalensis,9.548058561,20,15.55,P1,0.648,FOR,1,0.00716011552274306,67.0983391073721,0.0670983391073721,26.8393356429489,0.0268393356429489,31.5362193804649,0.0315362193804649,10.7357342571795,0.0107357342571795
58,Stereospermum kunthianum,8.911521324,12,14,P1,0.6,FOR,1,0.00623725618926055,33.042857175624,0.033042857175624,13.2171428702496,0.0132171428702496,15.5301428725433,0.0155301428725433,5.28685714809984,0.00528685714809984
59,Khaya senegalensis,7.32017823,17,11.2,P1,0.648,FOR,1,0.0042085567904751,34.0860509123445,0.0340860509123445,13.6344203649378,0.0136344203649378,16.0204439288019,0.0160204439288019,5.45376814597512,0.00545376814597512
60,Daniella oliveri,8.593252705,18,17.6,P1,0.533,FOR,1,0.00579969357355686,40.7307482184155,0.0407307482184155,16.2922992873662,0.0162922992873662,19.1434516626553,0.0191434516626553,6.51691971494648,0.00651691971494648
61,Khaya senegalensis,1.495862508,14.4,6.9,P1,0.648,FOR,1,0.000175741057689618,1.30635922434804,0.00130635922434804,0.522543689739216,0.000522543689739216,0.613988835443579,0.000613988835443579,0.209017475895687,0.000209017475895687
62,Khaya senegalensis,10.34373011,16.1,11.55,P1,0.648,FOR,1,0.00840319113798616,63.4781382726696,0.0634781382726696,25.3912553090678,0.0253912553090678,29.8347249881547,0.0298347249881547,10.1565021236271,0.0101565021236271
63,Daniella oliveri,15.21323997,17.5,16.3,P1,0.533,FOR,1,0.0181774648252027,120.837781953614,0.120837781953614,48.3351127814456,0.0483351127814456,56.7937575181986,0.0567937575181986,19.3340451125783,0.0193340451125783
64,Khaya senegalensis,15.2768937,26,17.4,P1,0.648,FOR,1,0.0183298957439815,216.951515540619,0.216951515540619,86.7806062162477,0.0867806062162477,101.967212304091,0.101967212304091,34.7122424864991,0.0347122424864991
65,Daniella oliveri,16.13621897,17.1,24.6,P1,0.533,FOR,1,0.0204500059493477,132.536072230916,0.132536072230916,53.0144288923664,0.0530144288923664,62.2919539485305,0.0622919539485305,21.2057715569465,0.0212057715569465
66,Khaya senegalensis,16.70910248,26,21,P1,0.648,FOR,1,0.0219278537838074,258.422755507047,0.258422755507047,103.369102202819,0.103369102202819,121.458695088312,0.121458695088312,41.3476408811275,0.0413476408811275
67,Daniella oliveri,17.44112031,16,23.1,P1,0.533,FOR,1,0.0238912370359316,144.56897735826,0.14456897735826,57.8275909433041,0.0578275909433041,67.9474193583823,0.0679474193583823,23.1310363773217,0.0231310363773217
68,Daniella oliveri,17.88669637,18.1,24.4,P1,0.533,FOR,1,0.0251275502991951,171.290758496892,0.171290758496892,68.5163033987569,0.0685163033987569,80.5066564935394,0.0805066564935394,27.4065213595028,0.0274065213595028
69,Eucalyptus calmadalutases,19.12794398,21,26.4,P1,0.73,FOR,1,0.0287360098431534,306.846173463041,0.306846173463041,122.738469385216,0.122738469385216,144.217701527629,0.144217701527629,49.0953877540866,0.0490953877540866
70,Khaya senegalensis,16.00891152,17.5,20.1,P1,0.648,FOR,1,0.0201285963128405,161.521986611047,0.161521986611047,64.6087946444187,0.0646087946444187,75.9153337071919,0.0759153337071919,25.8435178577675,0.0258435178577675
71,Khaya senegalensis,13.14449395,26,15.15,P1,0.648,FOR,1,0.0135699304907722,161.776074664871,0.161776074664871,64.7104298659483,0.0647104298659483,76.0347550924892,0.0760347550924892,25.8841719463793,0.0258841719463793
72,Khaya senegalensis,16.04073838,14,23.6,P1,0.648,FOR,1,0.0202087100451412,130.416089854232,0.130416089854232,52.1664359416927,0.0521664359416927,61.2955622314889,0.0612955622314889,20.8665743766771,0.0208665743766771
73,Azdirachta indica,17.09102482,18.1,22.7,P1,0.57,FOR,1,0.0229417261351723,167.342615724192,0.167342615724192,66.9370462896768,0.0669370462896768,78.6510293903703,0.0786510293903703,26.7748185158707,0.0267748185158707
74,Vitex donina,13.46276257,21.3,14.9,P1,0.4,FOR,1,0.0142350256686296,87.1352819869677,0.0871352819869677,34.8541127947871,0.0348541127947871,40.9535825338748,0.0409535825338748,13.9416451179148,0.0139416451179148
75,Albizia zygia,12.95353278,10.3,15.3,P1,0.804,FOR,1,0.0131785108447473,78.6060405531915,0.0786060405531916,31.4424162212766,0.0314424162212766,36.94483906,0.03694483906,12.5769664885106,0.0125769664885106
76,Khaya senegalensis,12.66709102,17.6,17.1,P1,0.648,FOR,1,0.012602121538908,102.839019045966,0.102839019045966,41.1356076183864,0.0411356076183864,48.334338951604,0.048334338951604,16.4542430473545,0.0164542430473545
