S.NO,SPECIES,DIAMETER,HEIGHT,WOOD.DENSITY,BA,VOLUME,AGB.kg,AGB.tons,AGB.kg.ha,AGB.tons.ha,AGC.kg,AGC.tons,AGC.kg.ha,AGC.tons.ha,VOL.m3.ha
1,Gmelina arborea,15,19,0.425,0.0176714586764426,0.335757714852409,102.121294695461,0.102121294695461,170.202157825769,0.170202157825769,47.9970085068668,0.0479970085068668,283.670263042948,0.283670263042948,0.559596191420682
2,Gmelina arborea,19.3,20,0.425,0.0292552961883916,0.585105923767831,175.604565529028,0.175604565529028,292.674275881714,0.292674275881714,82.5341457986432,0.0825341457986432,487.790459802856,0.487790459802856,0.975176539613052
3,Gmelina arborea,13.9,25,0.425,0.0151746779150021,0.379366947875053,115.047450380918,0.115047450380918,191.745750634863,0.191745750634863,54.0723016790315,0.0540723016790315,319.576251058106,0.319576251058106,0.632278246458421
4,Gmelina arborea,14.8,24.8,0.425,0.0172033613710577,0.426643362002231,129.020395512206,0.129020395512206,215.033992520344,0.215033992520344,60.639585890737,0.060639585890737,358.389987533906,0.358389987533906,0.711072270003719
5,Gmelina arborea,12,20,0.425,0.0113097335529233,0.226194671058465,69.4527950316782,0.0694527950316782,115.75465838613,0.11575465838613,32.6428136648887,0.0326428136648887,192.924430643551,0.192924430643551,0.376991118430775
6,Gmelina arborea,15.9,23.2,0.425,0.0198556509688509,0.460651102477341,139.04843969615,0.13904843969615,231.747399493583,0.231747399493583,65.3527666571905,0.0653527666571905,386.245665822639,0.386245665822639,0.767751837462234
7,Gmelina arborea,13.5,20,0.425,0.0143138815279185,0.28627763055837,87.4056389298431,0.0874056389298432,145.676064883072,0.145676064883072,41.0806502970263,0.0410806502970263,242.793441471787,0.242793441471787,0.47712938426395
8,Gmelina arborea,16.7,28,0.425,0.0219039693789914,0.61331114261176,183.861775739621,0.183861775739621,306.436292899368,0.306436292899368,86.4150345976217,0.0864150345976217,510.72715483228,0.51072715483228,1.02218523768627
9,Gmelina arborea,14.3,18.4,0.425,0.0160606070433144,0.295515169596985,90.1572799073263,0.0901572799073263,150.262133178877,0.150262133178877,42.3739215564433,0.0423739215564433,250.436888631462,0.250436888631462,0.492525282661642
10,Gmelina arborea,11.7,10.4,0.425,0.0107513154587477,0.111813680770976,34.9177298994992,0.0349177298994992,58.1962164991653,0.0581962164991653,16.4113330527646,0.0164113330527646,96.9936941652756,0.0969936941652756,0.186356134618293
11,Gmelina arborea,11.9,11.1,0.425,0.0111220233918713,0.123454459649771,38.4614413862584,0.0384614413862584,64.1024023104306,0.0641024023104306,18.0768774515414,0.0180768774515414,106.837337184051,0.106837337184051,0.205757432749618
12,Gmelina arborea,7.2,12,0.425,0.00407150407905237,0.0488580489486285,15.5638339659695,0.0155638339659695,25.9397232766158,0.0259397232766158,7.31500196400564,0.00731500196400564,43.2328721276929,0.0432328721276929,0.0814300815810474
13,Gmelina arborea,7,10.8,0.425,0.0038484510006475,0.041563270806993,13.2915496962924,0.0132915496962924,22.1525828271539,0.0221525828271539,6.24702835725741,0.00624702835725741,36.9209713785899,0.0369209713785899,0.069272118011655
14,Gmelina arborea,15.1,27.2,0.425,0.0179078635236252,0.487093887842606,146.833418999617,0.146833418999617,244.722364999362,0.244722364999362,69.0117069298201,0.06901170692982,407.87060833227,0.40787060833227,0.811823146404343
15,Gmelina arborea,12.9,16.2,0.425,0.0130698108370969,0.21173093556097,65.1149076049259,0.0651149076049259,108.52484600821,0.10852484600821,30.6040065743152,0.0306040065743152,180.874743347016,0.180874743347016,0.352884892601617
16,Gmelina arborea,7,14,0.425,0.0038484510006475,0.053878314009065,17.1228083930897,0.0171228083930897,28.5380139884829,0.0285380139884829,8.04771994475218,0.00804771994475218,47.5633566474715,0.0475633566474715,0.0897971900151083
17,Gmelina arborea,8.2,10,0.425,0.00528101725068444,0.0528101725068444,16.7914151722207,0.0167914151722207,27.9856919537012,0.0279856919537012,7.89196513094373,0.00789196513094373,46.6428199228353,0.0466428199228353,0.088016954178074
18,Pterocarpus santalinoides,15.6,23,0.7,0.0191134497044403,0.439609343202127,216.200321392955,0.216200321392955,360.333868988258,0.360333868988258,101.614151054689,0.101614151054689,600.556448313764,0.600556448313764,0.732682238670212
19,Gmelina arborea,11.2,11.1,0.425,0.00985203456165759,0.109357583634399,34.1689369566495,0.0341689369566495,56.9482282610824,0.0569482282610824,16.0594003696252,0.0160594003696252,94.9137137684707,0.0949137137684707,0.182262639390665
20,Gmelina arborea,9,10.7,0.425,0.00636172512351933,0.0680704588216568,21.5120899616206,0.0215120899616206,35.8534832693676,0.0358534832693676,10.1106822819617,0.0101106822819617,59.755805448946,0.059755805448946,0.113450764702761
21,Vitellaria paradoxa,9.8,11,0.57,0.00754296396126909,0.08297260357396,34.7553353904972,0.0347553353904972,57.925558984162,0.057925558984162,16.3350076335337,0.0163350076335337,96.5425983069367,0.0965425983069367,0.138287672623267
22,Gmelina arborea,15.7,24,0.425,0.0193592793295837,0.464622703910009,140.218382628908,0.140218382628908,233.697304381514,0.233697304381514,65.9026398355869,0.0659026398355868,389.495507302523,0.389495507302523,0.774371173183348
23,Gmelina arborea,12.5,26.3,0.425,0.0122718463030851,0.322749557771139,98.2579764391402,0.0982579764391402,163.763294065234,0.163763294065234,46.1812489263959,0.0461812489263959,272.938823442056,0.272938823442056,0.537915929618565
24,Ficus sur,5.5,7.1,0.412,0.00237582944427728,0.0168683890543687,5.34774715460673,0.00534774715460673,8.91291192434456,0.00891291192434456,2.51344116266516,0.00251344116266516,14.8548532072409,0.0148548532072409,0.0281139817572812
25,Anthocleista djalonensis,7.6,8.7,0.532,0.00453645979178366,0.0394672001885178,15.7334418750677,0.0157334418750677,26.2224031251128,0.0262224031251128,7.39471768128181,0.00739471768128181,43.7040052085213,0.0437040052085213,0.0657786669808631
26,Anthocleista djalonensis,11.6,15.3,0.532,0.0105683176866761,0.161695260606144,62.3140027020923,0.0623140027020923,103.856671170154,0.103856671170154,29.2875812699834,0.0292875812699834,173.094451950256,0.173094451950256,0.26949210101024
27,Gmelina arborea,11.7,13.3,0.425,0.0107513154587477,0.142992495601344,44.3915862157373,0.0443915862157373,73.9859770262288,0.0739859770262288,20.8640455213965,0.0208640455213965,123.309961710381,0.123309961710381,0.23832082600224
28,Gmelina arborea,14.4,22.2,0.425,0.0162860163162095,0.361549562219851,109.770779341898,0.109770779341898,182.951298903163,0.182951298903163,51.592266290692,0.051592266290692,304.918831505272,0.304918831505272,0.602582603699751
29,Gmelina arborea,13.9,21.7,0.425,0.0151746779150021,0.329290510755546,100.201044875164,0.100201044875164,167.001741458607,0.167001741458607,47.0944910913271,0.0470944910913271,278.336235764345,0.278336235764345,0.548817517925909
30,Gmelina arborea,9.5,9,0.425,0.00708821842466197,0.0637939658219577,20.1920227413222,0.0201920227413222,33.653371235537,0.033653371235537,9.49025068842143,0.00949025068842143,56.0889520592283,0.0560889520592283,0.10632327636993
31,Gmelina arborea,9,8.8,0.425,0.00636172512351933,0.0559831810869701,17.7753895201387,0.0177753895201387,29.6256492002312,0.0296256492002312,8.35443307446519,0.00835443307446519,49.3760820003853,0.0493760820003853,0.0933053018116169
32,Gmelina arborea,10.2,13.3,0.425,0.00817128249198705,0.108678057143428,33.9616980831309,0.0339616980831309,56.6028301385515,0.0566028301385515,15.9619980990715,0.0159619980990715,94.3380502309193,0.0943380502309192,0.181130095239046
33,Gmelina arborea,7.5,10,0.425,0.00441786466911065,0.0441786466911065,14.1072462119092,0.0141072462119092,23.5120770198487,0.0235120770198487,6.63040571959734,0.00663040571959734,39.1867950330812,0.0391867950330812,0.0736310778185108
34,Gmelina arborea,14,21,0.425,0.01539380400259,0.32326988405439,98.4125799472642,0.0984125799472642,164.020966578774,0.164020966578774,46.2539125752142,0.0462539125752142,273.368277631289,0.273368277631289,0.53878314009065
35,Vitex doniana,7.2,6.9,0.4,0.00407150407905237,0.0280933781454614,8.54781986495474,0.00854781986495474,14.2463664415912,0.0142463664415912,4.01747533652873,0.00401747533652873,23.7439440693187,0.0237439440693187,0.0468222969091023
36,Anthocleista djalonensis,7.4,7.5,0.532,0.00430084034276443,0.0322563025707332,12.9212618428257,0.0129212618428257,21.5354364047094,0.0215354364047094,6.07299306612806,0.00607299306612806,35.8923940078491,0.0358923940078491,0.0537605042845554
37,Ficus exasperata,7.7,7,0.293,0.00465662571078347,0.0325963799754843,7.29328935691931,0.00729328935691931,12.1554822615322,0.0121554822615322,3.42784599775207,0.00342784599775207,20.2591371025536,0.0202591371025536,0.0543272999591405
38,Gmelina arborea,13,18.5,0.425,0.0132732289614169,0.245554735786212,75.2488194046669,0.0752488194046669,125.414699007778,0.125414699007778,35.3669451201935,0.0353669451201935,209.024498346297,0.209024498346297,0.40925789297702
39,Gmelina arborea,10.3,13,0.425,0.00833228911548353,0.108319758501286,33.8524132957238,0.0338524132957238,56.4206888262063,0.0564206888262063,15.9106342489902,0.0159106342489902,94.0344813770105,0.0940344813770105,0.180532930835477
40,Prosopis africana,8.2,9,0.878,0.00528101725068444,0.04752915525616,30.7589170439927,0.0307589170439927,51.2648617399878,0.0512648617399878,14.4566910106766,0.0144566910106766,85.441436233313,0.085441436233313,0.0792152587602666
41,Vitex doniana,5.5,7.5,0.4,0.00237582944427728,0.0178187208320796,5.48117134637902,0.00548117134637902,9.13528557729837,0.00913528557729837,2.57615053279814,0.00257615053279814,15.2254759621639,0.0152254759621639,0.029697868053466
42,Gmelina arborea,10.2,12.6,0.425,0.00817128249198705,0.102958159399037,32.216017110954,0.0322160171109541,53.6933618515901,0.0536933618515901,15.1415280421484,0.0151415280421484,89.4889364193168,0.0894889364193168,0.171596932331728
43,Ficus sycomorus,6.4,7.7,0.413,0.00321699087727595,0.0247708297550248,7.79938882044761,0.00779938882044761,12.9989813674127,0.0129989813674127,3.66571274561038,0.00366571274561038,21.6649689456878,0.0216649689456878,0.0412847162583747
44,Gmelina arborea,8.7,10.6,0.425,0.00594467869875529,0.063013594206806,19.9509125757045,0.0199509125757045,33.2515209595075,0.0332515209595075,9.37692891058111,0.00937692891058111,55.4192015991791,0.0554192015991791,0.105022657011343
45,Gmelina arborea,8.2,10.2,0.425,0.00528101725068444,0.0538663759569813,17.1191054636067,0.0171191054636067,28.5318424393445,0.0285318424393445,8.04597956789515,0.00804597956789515,47.5530707322408,0.0475530707322408,0.0897772932616355
46,Vitellaria paradoxa,4.9,9,0.57,0.00188574099031727,0.0169716689128555,7.38503164800574,0.00738503164800574,12.3083860800096,0.0123083860800096,3.4709648745627,0.0034709648745627,20.513976800016,0.020513976800016,0.0282861148547591
47,Gmelina arborea,7.8,11,0.425,0.00477836242611008,0.0525619866872108,16.7143920665323,0.0167143920665323,27.8573201108872,0.0278573201108872,7.8557642712702,0.0078557642712702,46.4288668514787,0.0464288668514787,0.0876033111453514
48,Pterocarpus santalinoides,14.6,22,0.7,0.01674154725098,0.36831403952156,181.908110262926,0.181908110262926,303.180183771543,0.303180183771543,85.4968118235752,0.0854968118235752,505.300306285905,0.505300306285905,0.613856732535934
49,Pterocarpus santalinoides,15.6,22.3,0.7,0.0191134497044403,0.426229928409019,209.775861639537,0.209775861639537,349.626436065895,0.349626436065895,98.5946549705825,0.0985946549705825,582.710726776492,0.582710726776492,0.710383214015031
50,Gmelina arborea,8.4,9.8,0.425,0.0055417694409324,0.0543093405211375,17.2564904812199,0.0172564904812199,28.7608174686998,0.0287608174686998,8.11055052617334,0.00811055052617334,47.9346957811663,0.0479346957811663,0.0905155675352291
51,Gmelina arborea,12.1,24,0.425,0.011499014510302,0.275976348247249,84.334616566927,0.084334616566927,140.557694278212,0.140557694278212,39.6372697864557,0.0396372697864557,234.26282379702,0.23426282379702,0.459960580412082
52,Gmelina arborea,13.2,16,0.425,0.0136847775990371,0.218956441584594,67.2828031354632,0.0672828031354632,112.138005225772,0.112138005225772,31.6229174736677,0.0316229174736677,186.896675376287,0.186896675376287,0.36492740264099
53,Gmelina arborea,14.6,19.7,0.425,0.01674154725098,0.329808480844306,100.35487427304,0.10035487427304,167.258123788401,0.167258123788401,47.166790908329,0.047166790908329,278.763539647334,0.278763539647334,0.549680801407177
54,Gmelina arborea,12.9,23,0.425,0.0130698108370969,0.30060564925323,91.6727252809789,0.0916727252809789,152.787875468298,0.152787875468298,43.0861808820601,0.0430861808820601,254.64645911383,0.25464645911383,0.501009415422049
55,Gmelina arborea,7.3,11.2,0.425,0.004185386812745,0.046876332302744,14.9474005650525,0.0149474005650525,24.9123342750875,0.0249123342750875,7.02527826557466,0.00702527826557466,41.5205571251458,0.0415205571251458,0.0781272205045734
56,Gmelina arborea,9.5,12,0.425,0.00708821842466197,0.0850586210959436,26.7374529665504,0.0267374529665504,44.5624216109173,0.0445624216109173,12.5666028942787,0.0125666028942787,74.2707026848622,0.0742707026848622,0.141764368493239
57,Gmelina arborea,11.7,11.2,0.425,0.0107513154587477,0.120414733137974,37.5368869337511,0.0375368869337511,62.5614782229185,0.0625614782229185,17.642336858863,0.017642336858863,104.269130371531,0.104269130371531,0.200691221896623
58,Gmelina arborea,11,16,0.425,0.00950331777710912,0.152053084433746,47.1348668349773,0.0471348668349773,78.5581113916288,0.0785581113916288,22.1533874124393,0.0221533874124393,130.930185652715,0.130930185652715,0.253421807389577
59,Gmelina arborea,19.8,24,0.425,0.0307907495978336,0.738977990348005,220.546049656747,0.220546049656747,367.576749427911,0.367576749427911,103.656643338671,0.103656643338671,612.627915713185,0.612627915713185,1.23162998391334
60,Gmelina arborea,15.4,24.1,0.425,0.0186265028431339,0.448898718519527,135.58502969928,0.13558502969928,225.9750494988,0.2259750494988,63.7249639586615,0.0637249639586615,376.625082497999,0.376625082497999,0.748164530865878
61,Gmelina arborea,13.7,19.6,0.425,0.0147411381288067,0.288926307324611,88.1948310650813,0.0881948310650813,146.991385108469,0.146991385108469,41.4515706005882,0.0414515706005882,244.985641847448,0.244985641847448,0.481543845541019
62,Gmelina arborea,11.1,10.8,0.425,0.00967689077121996,0.104510420329176,32.6899833890528,0.0326899833890528,54.4833056484213,0.0544833056484213,15.3642921928548,0.0153642921928548,90.8055094140354,0.0908055094140354,0.174184033881959
63,Gmelina arborea,9.9,13.9,0.425,0.00769768739945839,0.106997854852472,33.4491437441343,0.0334491437441343,55.7485729068905,0.0557485729068905,15.7210975597431,0.0157210975597431,92.9142881781508,0.0929142881781508,0.178329758087453
64,Gmelina arborea,8.7,12,0.425,0.00594467869875529,0.0713361443850634,22.5187944750346,0.0225187944750346,37.5313241250577,0.0375313241250577,10.5838334032663,0.0105838334032663,62.5522068750961,0.0625522068750961,0.118893573975106
65,Albizia zygia,5.6,8.1,0.804,0.0024630086404144,0.0199503699873566,12.0973257416557,0.0120973257416557,20.1622095694261,0.0201622095694261,5.68574309857817,0.00568574309857817,33.6036826157102,0.0336036826157102,0.0332506166455944
66,Albizia zygia,11.2,10,0.804,0.00985203456165759,0.0985203456165759,57.4934735628469,0.0574934735628469,95.8224559380781,0.0958224559380781,27.021932574538,0.027021932574538,159.70409323013,0.15970409323013,0.164200576027626
67,Gmelina arborea,13.8,26.2,0.425,0.014957122623741,0.391876612742014,118.748654350269,0.118748654350269,197.914423917115,0.197914423917115,55.8118675446265,0.0558118675446265,329.857373195192,0.329857373195192,0.653127687903357
68,Gmelina arborea,11.4,15,0.425,0.0102070345315132,0.153105517972699,47.4532540054612,0.0474532540054612,79.0887566757687,0.0790887566757687,22.3030293825668,0.0223030293825668,131.814594459615,0.131814594459615,0.255175863287831
69,Gmelina arborea,13.5,23.4,0.425,0.0143138815279185,0.334944827753293,101.87998043449,0.10187998043449,169.799967390816,0.169799967390816,47.8835908042102,0.0478835908042102,282.99994565136,0.28299994565136,0.558241379588821
70,Gmelina arborea,10.7,15,0.425,0.00899202357273739,0.134880353591061,41.9319310337795,0.0419319310337795,69.8865517229658,0.0698865517229658,19.7080075858763,0.0197080075858763,116.477586204943,0.116477586204943,0.224800589318435
71,Gmelina arborea,12.4,21,0.425,0.0120762821603992,0.253601925368382,77.6547133747554,0.0776547133747554,129.424522291259,0.129424522291259,36.497715286135,0.036497715286135,215.707537152098,0.215707537152098,0.422669875613971
72,Gmelina arborea,11.8,13,0.425,0.0109358840271461,0.142166492352899,44.1412929562817,0.0441412929562817,73.5688215938029,0.0735688215938028,20.7464076894524,0.0207464076894524,122.614702656338,0.122614702656338,0.236944153921498
73,Gmelina arborea,14.1,22.2,0.425,0.0156145008865047,0.346641919680404,105.351050601895,0.105351050601895,175.585084336492,0.175585084336492,49.5149937828908,0.0495149937828908,292.641807227487,0.292641807227487,0.577736532800673
74,Gmelina arborea,15.6,20,0.425,0.0191134497044403,0.382268994088806,115.906329184599,0.115906329184599,193.177215307666,0.193177215307666,54.4759747167617,0.0544759747167617,321.962025512776,0.321962025512776,0.63711499014801
75,Gmelina arborea,11.4,9.9,0.425,0.0102070345315132,0.101049641861981,31.6330362982115,0.0316330362982115,52.7217271636858,0.0527217271636858,14.8675270601594,0.0148675270601594,87.8695452728097,0.0878695452728097,0.168416069769968
76,Gmelina arborea,19.7,25.8,0.425,0.0304805173232916,0.786397346940922,234.348169962601,0.234348169962601,390.580283271002,0.390580283271002,110.143639882422,0.110143639882422,650.967138785003,0.650967138785003,1.31066224490154
77,Crossopteryx febrifuga,6.3,7.1,0.5,0.00311724531052447,0.0221324417047238,8.42074835915344,0.00842074835915344,14.0345805985891,0.0140345805985891,3.95775172880212,0.00395775172880211,23.3909676643151,0.0233909676643151,0.0368874028412063
78,Gmelina arborea,20.6,26.9,0.425,0.0333291564619341,0.896554308826028,266.33589356433,0.26633589356433,443.89315594055,0.44389315594055,125.177869975235,0.125177869975235,739.821926567583,0.739821926567583,1.49425718137671
79,Khaya senegalensis,5.5,9,0.648,0.00237582944427728,0.0213824649984955,10.486750346294,0.010486750346294,17.4779172438233,0.0174779172438233,4.92877266275818,0.00492877266275818,29.1298620730389,0.0291298620730389,0.0356374416641592
80,Gmelina arborea,17.8,22.2,0.425,0.0248845554090848,0.552437130081681,166.028638878929,0.166028638878929,276.714398131548,0.276714398131548,78.0334602730965,0.0780334602730965,461.19066355258,0.46119066355258,0.920728550136136
81,Gmelina arborea,8.6,18,0.425,0.00580880481648753,0.104558486696775,32.7046572307696,0.0327046572307696,54.5077620512827,0.0545077620512827,15.3711888984617,0.0153711888984617,90.8462700854712,0.0908462700854712,0.174264144494626
82,Gmelina arborea,11.5,11.3,0.425,0.0103868907109313,0.117371865033523,36.6108156967938,0.0366108156967938,61.018026161323,0.061018026161323,17.2070833774931,0.0172070833774931,101.696710268872,0.101696710268872,0.195619775055872
83,Vitex doniana,7,8,0.4,0.0038484510006475,0.03078760800518,9.34701236416757,0.00934701236416757,15.5783539402793,0.0155783539402793,4.39309581115876,0.00439309581115876,25.9639232337988,0.0259639232337988,0.0513126800086333
